2.0000000000000000e-02 -2.0000000000000000e-02 -2.0000000000000000e-02 2.0000000000000000e-02 -2.0000000000000000e-02 -1.3540000000000000e-02
2.0000000000000000e-02 -1.2000000000000000e-02 -2.0000000000000000e-02 2.0000000000000000e-02 -1.2000000000000000e-02 -1.3540000000000000e-02
2.0000000000000000e-02 0.0000000000000000e+00 -2.0000000000000000e-02 2.0000000000000000e-02 0.0000000000000000e+00 -1.3540000000000000e-02
2.0000000000000000e-02 2.0000000000000000e-02 -2.0000000000000000e-02 2.0000000000000000e-02 2.0000000000000000e-02 -1.3540000000000000e-02
2.0000000000000000e-02 -2.0000000000000000e-02 -1.2000000000000000e-02 2.1917570420990126e-02 -2.1901370896891561e-02 -9.1227013069337323e-03
2.0000000000000000e-02 -1.0000000000000000e-02 -1.0000000000000000e-02 2.2291316307659747e-02 -1.1032412450130482e-02 -6.8915907823315428e-03
2.0000000000000000e-02 0.0000000000000000e+00 -8.0000000000000002e-03 2.2540889545922153e-02 -1.9418121858795766e-06 -5.4004573478754776e-03
2.0000000000000000e-02 1.0000000000000000e-02 -1.0000000000000000e-02 2.2286481353881536e-02 1.1019673078451754e-02 -6.9132205848776510e-03
2.0000000000000000e-02 2.0000000000000000e-02 -1.2000000000000000e-02 2.1901320163943298e-02 2.1873687205442461e-02 -9.1250020635362979e-03
2.0000000000000000e-02 -2.0000000000000000e-02 0.0000000000000000e+00 2.2522237589502218e-02 -2.2535053106140238e-02 4.7538448542466219e-04
2.0000000000000000e-02 -8.0000000000000002e-03 0.0000000000000000e+00 2.2753691802461604e-02 -9.1398800578845907e-03 4.7804502782490267e-04
2.0000000000000000e-02 0.0000000000000000e+00 0.0000000000000000e+00 2.2826397630128999e-02 -4.3877740607814786e-06 4.7824650222638135e-04
2.0000000000000000e-02 8.0000000000000002e-03 0.0000000000000000e+00 2.2753059562314135e-02 9.1310381609729478e-03 4.7979633220441008e-04
2.0000000000000000e-02 2.0000000000000000e-02 0.0000000000000000e+00 2.2538549412195175e-02 2.2537920295229916e-02 4.7346192265488278e-04
2.0000000000000000e-02 -2.0000000000000000e-02 1.2000000000000000e-02 2.1858389667656700e-02 -2.1938028949281672e-02 1.0071203456011913e-02
2.0000000000000000e-02 -1.0000000000000000e-02 1.0000000000000000e-02 2.2280953013199999e-02 -1.1032286784676968e-02 7.8760929458517870e-03
2.0000000000000000e-02 0.0000000000000000e+00 8.0000000000000002e-03 2.2538425466936303e-02 -6.1792265827457296e-06 6.3604588543198295e-03
2.0000000000000000e-02 1.0000000000000000e-02 1.0000000000000000e-02 2.2273683490313018e-02 1.1029233363636705e-02 7.8583798398819179e-03
2.0000000000000000e-02 2.0000000000000000e-02 1.2000000000000000e-02 2.1909779022066721e-02 2.1897972254290229e-02 1.0076287146154944e-02
2.0000000000000000e-02 -2.0000000000000000e-02 2.0000000000000000e-02 2.0000000000000000e-02 -2.0000000000000000e-02 1.4489999999999999e-02
2.0000000000000000e-02 -1.2000000000000000e-02 2.0000000000000000e-02 2.0000000000000000e-02 -1.2000000000000000e-02 1.4489999999999999e-02
2.0000000000000000e-02 0.0000000000000000e+00 2.0000000000000000e-02 2.0000000000000000e-02 0.0000000000000000e+00 1.4489999999999999e-02
2.0000000000000000e-02 1.2000000000000000e-02 2.0000000000000000e-02 2.0000000000000000e-02 1.2000000000000000e-02 1.4489999999999999e-02
2.0000000000000000e-02 2.0000000000000000e-02 2.0000000000000000e-02 2.0000000000000000e-02 2.0000000000000000e-02 1.4489999999999999e-02
